300 298
33 36
156 159
211 219
175 173
128 125
216 211
142 146
276 274
121 118
250 254
168 171
225 220
210 208
300 295
188 186
107 111
235 233
125 132
185 188
166 168
265 281
4 7
46 48
160 162
258 261
67 54
211 208
44 48
265 267
171 173
123 132
52 54
54 57
195 198
278 280
120 118
243 241
107 118
220 222
241 250
283 285
118 123
153 160
107 123
238 235
160 123
198 211
232 235
138 140
219 216
136 133
41 44
82 80
225 223
225 229
36 30
166 160
258 264
271 269
202 198
96 98
39 37
165 162
220 232
277 271
93 90
79 74
160 165
16 18
258 254
138 133
240 258
153 123
258 256
176 179
243 250
232 238
95 93
258 241
245 247
227 229
93 21
103 101
18 4
298 296
291 258
285 287
15 18
67 65
178 176
98 95
238 211
220 223
54 30
208 204
204 198
166 176
98 101
4 211
155 159
151 146
112 116
176 123
255 258
193 191
289 281
65 62
57 60
42 44
272 277
190 193
80 83
103 105
269 267
80 74
249 247
46 44
281 277
93 211
190 198
4 12
93 54
98 100
272 276
68 70
298 295
240 238
238 220
54 21
230 225
79 75
289 265
173 166
114 116
123 133
128 126
225 227
112 107
176 173
185 198
90 73
159 153
201 198
24 22
56 54
176 198
291 293
211 220
60 65
182 184
258 263
124 132
37 40
258 265
26 22
4 15
77 79
54 65
164 162
93 123
65 63
98 93
289 258
44 36
54 29
271 267
211 214
123 121
251 254
185 176
198 200
65 57
93 176
107 105
193 195
44 40
232 225
44 30
190 185
263 261
3 291
18 20
73 93
6 4
149 151
90 80
49 51
133 135
29 21
27 21
129 131
52 48
204 211
193 198
179 181
22 25
146 138
72 93
185 182
179 185
213 211
254 252
216 214
27 22
211 240
140 142
291 289
84 86
93 91
107 109
118 116
151 153
9 12
89 84
153 155
29 27
129 132
133 146
159 157
166 171
70 67
13 15
12 10
285 288
236 238
4 291
300 2
285 281
249 244
250 244
35 33
285 289
300 294
40 36
144 142
54 48
77 75
291 2
2 294
195 197
182 179
291 211
54 72
9 4
7 9
146 149
216 218
146 144
70 72
49 52
89 87
278 281
267 281
93 20
57 250
93 105
294 291
168 170
15 12
80 84
129 125
138 136
123 151
188 190
93 198
204 202
109 111
70 54
245 249
291 240
285 282
232 230
4 20
207 204
98 105
142 138
80 89
89 86
57 59
272 274
80 73
107 93
123 146
118 112
300 298
30 32
261 259
160 176
146 148
44 54
250 258
60 62
206 204
112 114
32 36
281 271
20 211
98 103
