5 199811
6 199705
7 199659
8 199668
9 199632
10 199510
11 199398
12 198974
13 197442
14 194866
15 192062
16 190355
17 189024
18 187182
19 183796
20 176774
21 162858
22 138159
23 105289
24 82904
25 72813
26 68299
27 64388
28 59718
29 52689
30 43435
31 32960
32 23045
33 15867
34 12340
35 10710
36 9764
37 8674
38 7156
39 5603
40 3921
41 2605
42 1459
43 999
44 796
45 696
46 594
47 486
48 378
49 260
50 152
51 96
52 46
53 32
54 24
55 28
56 118
57 362
58 702
59 1030
60 1347
61 1515
62 2012
63 2843
64 6476
65 17749
66 37823
67 56536
68 66977
69 72193
70 74348
71 76627
72 78196
73 81144
74 83382
75 87138
