5 200000
6 200000
7 200000
8 200000
9 200000
10 200000
11 200000
12 199999
13 200000
14 200000
15 199997
16 199996
17 199984
18 199984
19 199921
20 199779
21 199318
22 198250
23 195699
24 191172
25 184682
26 176567
27 166927
28 156233
29 145865
30 133564
31 121875
32 109792
33 98080
34 86807
35 75917
36 65616
37 56865
38 48108
39 40792
40 33852
41 28380
42 22930
43 18742
44 14973
45 12133
46 9700
47 7757
48 6141
49 4652
50 3616
51 2803
52 2117
53 1668
54 1244
55 960
56 750
57 497
58 356
59 262
60 195
61 158
62 119
