5 117384
6 117218
7 116198
8 115646
9 114036
10 110242
11 102045
12 84340
13 46739
14 29097
15 28115
16 27263
17 26439
18 25239
19 23179
20 20288
21 15906
22 10549
23 5255
24 3922
25 3769
26 3466
27 3262
28 2873
29 2508
30 1943
31 1356
32 684
33 389
34 338
35 312
36 259
37 219
38 205
39 152
40 117
41 65
42 27
43 17
44 13
45 16
46 9
47 7
48 7
49 12
50 2
51 0
52 3
53 1
54 1
55 19
56 742
57 3189
58 5216
59 6662
60 7748
61 9068
62 11421
63 15507
64 24545
65 44952
66 75882
67 84617
68 86817
69 87781
70 87786
71 87812
72 88424
73 89041
74 89323
75 89771
