5 225
6 168
7 158
8 117
9 65
10 6
11 3
12 1
13 2
14 1
15 0
16 2
17 9
18 6
19 9
20 15
21 9
22 14
23 20
24 102
25 285
26 444
27 578
28 702
29 784
30 824
31 870
32 862
33 2183
34 7145
35 11826
36 14730
37 16357
38 17300
39 17799
40 18275
41 18294
42 19244
43 60183
44 82457
45 88440
46 89025
47 90028
48 90367
49 90172
50 90377
51 90276
52 90543
53 90761
54 90092
55 90760
56 90607
57 90659
58 90507
59 91034
60 90377
61 90587
62 90218
63 90648
64 90532
65 90863
66 90807
67 90966
68 90517
69 90235
70 90267
71 90951
72 90510
73 90102
74 90798
75 90661
