5 174028
6 173768
7 173276
8 172782
9 171898
10 169320
11 163814
12 149912
13 115551
14 90737
15 87335
16 85744
17 83662
18 80508
19 75732
20 68246
21 56607
22 39846
23 23062
24 18760
25 17787
26 17346
27 15724
28 14224
29 11949
30 9267
31 6135
32 3426
33 2137
34 1800
35 1801
36 1517
37 1392
38 1134
39 834
40 615
41 334
42 175
43 114
44 113
45 94
46 83
47 60
48 62
49 33
50 26
51 11
52 5
53 6
54 4
55 64
56 968
57 3323
58 5467
59 6883
60 7943
61 9340
62 11409
63 15797
64 27021
65 57941
66 98674
67 110715
68 113582
69 114453
