e^0.18 = 1.1972
[e e].^[1 2] = 2.7183    7.3891

eye(10)

     1     0     0     0     0     0     0     0     0     0
     0     1     0     0     0     0     0     0     0     0
     0     0     1     0     0     0     0     0     0     0
     0     0     0     1     0     0     0     0     0     0
     0     0     0     0     1     0     0     0     0     0
     0     0     0     0     0     1     0     0     0     0
     0     0     0     0     0     0     1     0     0     0
     0     0     0     0     0     0     0     1     0     0
     0     0     0     0     0     0     0     0     1     0
     0     0     0     0     0     0     0     0     0     1


inv(A)
   -0.1250    0.5000    0.3750
         0   -1.0000         0
    0.3750    0.5000   -0.1250


A^2 transponowane
    10     0     6
     6     1     6
     6     0    10